Ano	Produto	Produção	Preço
2002	Abacate	1950	0,110769230769
2002	Açaí	0	0,000000000000
2002	Banana	377379	0,496755251352
2002	Borracha 	16	0,937500000000
2002	Cacau	1358	0,393225331370
2002	Café	166	1,090361445783
2002	Café_Arábica	0	0,000000000000
2002	Café_Canephora	0	0,000000000000
2002	Caqui	0	0,000000000000
2002	Castanha_de_caju	30	0,200000000000
2002	Coco-da-baía	2172	0,260589318600
2002	Dendê	183	0,420765027322
2002	Goiaba	47	0,170212765957
2002	Guaraná	713	7,122019635344
2002	Laranja	15095	0,089897316992
2002	Limão	825	0,054545454545
2002	Mamão	5858	0,064527142369
2002	Manga	1153	0,119687771032
2002	Maracujá	2053	0,138821237214
2002	Palmito	2	6,000000000000
2002	Pimenta-do-reino	0	0,000000000000
2002	Tangerina	653	0,076569678407
2002	Urucum 	200	1,610000000000
2002	Abacaxi	11851	0,205045987680
2002	Algodão_herbáceo	25	0,520000000000
2002	Amendoim	2	0,500000000000
2002	Arroz 	39612	0,258406543472
2002	Batata-doce	622	0,114147909968
2002	Cana-de-açúcar	244165	0,170335633690
2002	Cebola	0	0,000000000000
2002	Feijão 	4161	0,332852679644
2002	Fumo 	122	0,147540983607
2002	Juta 	991	0,393541876892
2002	Malva 	7329	0,471824259790
2002	Mandioca	944458	0,179713655875
2002	Melancia	13070	0,142769701607
2002	Melão	135	0,111111111111
2002	Milho 	15329	0,344510405114
2002	Soja	3189	0,254625274381
2002	Tomate	3793	0,104139203796
2002	Açaí_extrativo	1103	0,572982774252
2002	Castanha-do-pará 	8985	2,424596549805
2002	Umbu	2	1,000000000000
2002	Outros_extrativa	0	0,000000000000
2002	Outros_extrativo2	0	0,000000000000
2002	Hevea 	2012	1,324552683897
2002	Carnaúba	3	1,666666666667
2002	Outras_extrativo	0	0,000000000000
2002	Buriti 	1	1,000000000000
2002	Piaçava 	8644	2,244447015271
2002	Outras_extrativo2	2	0,500000000000
2002	Maçaranduba 	5	3,400000000000
2002	Sorva 	43	1,953488372093
2002	Carvão_vegetal	4826	0,958765022793
2002	Lenha 	2446335	0,004980102889
2002	Madeira_em_tora	893060	0,010695809912
2002	Babaçu	1	2,000000000000
2002	 Copaíba 	425	2,769411764706
2002	Cumaru 	0	0,000000000000
2002	Tucum 	15	0,466666666667
2002	Outros_extrativa3	0	0,000000000000
2002	Carvão_vegetal	3	0,666666666667
2002	Lenha_silvicultura	72	0,000000000000
2002	Madeira_em_tora	38	0,000000000000
2002	Curimatã	0	0,000000000000
2002	Matrinxã 	0	0,000000000000
2002	Piau	0	0,000000000000
2002	Pirapitinga	0	0,000000000000
2002	Pirarucu	0	0,000000000000
2002	Tambaqui 	0	0,000000000000
2002	Tucunaré 	0	0,000000000000
2002	Alevinos	0	0,000000000000
2002	Leite	39571	0,871749513533
2002	Ovos_de_galinha	28116	1,145966709347
2002	Ovos_de_codorna	301	1,056478405316
2002	Mel_de_abelha	600	0,006666666667
2003	Abacate	1958	0,111338100102
2003	Açaí	0	0,000000000000
2003	Banana	378800	0,492756071806
2003	Borracha 	16	0,937500000000
2003	Cacau	1232	0,405032467532
2003	Café	1666	1,190276110444
2003	Café_Arábica	0	0,000000000000
2003	Café_Canephora	0	0,000000000000
2003	Caqui	0	0,000000000000
2003	Castanha_de_caju	31	0,193548387097
2003	Coco-da-baía	2507	0,292381332270
2003	Dendê	183	0,420765027322
2003	Goiaba	49	0,183673469388
2003	Guaraná	779	7,042362002567
2003	Laranja	15034	0,141678861248
2003	Limão	764	0,082460732984
2003	Mamão	3253	0,147248693514
2003	Manga	1179	0,132315521628
2003	Maracujá	1793	0,142777467931
2003	Palmito	0	0,000000000000
2003	Pimenta-do-reino	2	1,000000000000
2003	Tangerina	683	0,130307467057
2003	Urucum 	200	1,015000000000
2003	Abacaxi	12350	0,199676113360
2003	Algodão_herbáceo	13	0,307692307692
2003	Amendoim	2	0,500000000000
2003	Arroz 	26569	0,261997064248
2003	Batata-doce	684	0,105263157895
2003	Cana-de-açúcar	227685	0,175057645431
2003	Cebola	0	0,000000000000
2003	Feijão 	4298	0,345044206608
2003	Fumo 	117	0,153846153846
2003	Juta 	1075	0,374883720930
2003	Malva 	7336	0,471646673937
2003	Mandioca	804944	0,190293983184
2003	Melancia	11693	0,148978021038
2003	Melão	116	0,120689655172
2003	Milho 	22189	0,325882193880
2003	Soja	5211	0,254269813855
2003	Tomate	3708	0,108953613808
2003	Açaí_extrativo	1136	0,619718309859
2003	Castanha-do-pará 	9068	1,708425231584
2003	Umbu	2	1,000000000000
2003	Outros_extrativa	0	0,000000000000
2003	Outros_extrativo2	0	0,000000000000
2003	Hevea 	1948	1,431724845996
2003	Carnaúba	3	1,666666666667
2003	Outras_extrativo	0	0,000000000000
2003	Buriti 	1	1,000000000000
2003	Piaçava 	8689	1,277362182069
2003	Outras_extrativo2	2	1,000000000000
2003	Maçaranduba 	5	2,600000000000
2003	Sorva 	43	2,186046511628
2003	Carvão_vegetal	4877	0,739594012713
2003	Lenha 	2495152	0,002586215188
2003	Madeira_em_tora	881975	0,020632104085
2003	Babaçu	1	2,000000000000
2003	 Copaíba 	427	2,618266978923
2003	Cumaru 	0	0,000000000000
2003	Tucum 	15	1,400000000000
2003	Outros_extrativa3	0	0,000000000000
2003	Carvão_vegetal	3	0,666666666667
2003	Lenha_silvicultura	75	0,000000000000
2003	Madeira_em_tora	0	0,000000000000
2003	Curimatã	0	0,000000000000
2003	Matrinxã 	0	0,000000000000
2003	Piau	0	0,000000000000
2003	Pirapitinga	0	0,000000000000
2003	Pirarucu	0	0,000000000000
2003	Tambaqui 	0	0,000000000000
2003	Tucunaré 	0	0,000000000000
2003	Alevinos	0	0,000000000000
2003	Leite	41605	0,808532628290
2003	Ovos_de_galinha	28720	1,219394150418
2003	Ovos_de_codorna	306	1,058823529412
2003	Mel_de_abelha	1018	0,005893909627
2004	Abacate	1880	0,265425531915
2004	Açaí	0	0,000000000000
2004	Banana	354433	0,488684744366
2004	Borracha 	55	1,163636363636
2004	Cacau	1202	0,381031613977
2004	Café	2544	1,162735849057
2004	Café_Arábica	0	0,000000000000
2004	Café_Canephora	0	0,000000000000
2004	Caqui	0	0,000000000000
2004	Castanha_de_caju	0	0,000000000000
2004	Coco-da-baía	2990	0,400668896321
2004	Dendê	0	0,000000000000
2004	Goiaba	61	0,311475409836
2004	Guaraná	886	6,240406320542
2004	Laranja	12792	0,285647279550
2004	Limão	639	0,167449139280
2004	Mamão	3317	0,275550195960
2004	Manga	958	0,280793319415
2004	Maracujá	1592	0,270100502513
2004	Palmito	0	0,000000000000
2004	Pimenta-do-reino	0	0,000000000000
2004	Tangerina	745	0,269798657718
2004	Urucum 	0	0,000000000000
2004	Abacaxi	15468	0,310576674425
2004	Algodão_herbáceo	7	0,142857142857
2004	Amendoim	0	0,000000000000
2004	Arroz 	20591	0,264484483512
2004	Batata-doce	587	0,151618398637
2004	Cana-de-açúcar	235431	0,157014157014
2004	Cebola	0	0,000000000000
2004	Feijão 	4567	0,428946792205
2004	Fumo 	117	0,162393162393
2004	Juta 	1231	0,494719740049
2004	Malva 	8481	0,500412687183
2004	Mandioca	750548	0,174784290945
2004	Melancia	10389	0,177495427856
2004	Melão	165	0,181818181818
2004	Milho 	24956	0,308623176791
2004	Soja	5461	0,249954220839
2004	Tomate	3198	0,178236397749
2004	Açaí_extrativo	1134	0,733686067019
2004	Castanha-do-pará 	9150	1,707978142077
2004	Umbu	2	1,000000000000
2004	Outros_extrativa	0	0,000000000000
2004	Outros_extrativo2	0	0,000000000000
2004	Hevea 	1958	1,432073544433
2004	Carnaúba	3	1,666666666667
2004	Outras_extrativo	0	0,000000000000
2004	Buriti 	1	1,000000000000
2004	Piaçava 	8735	1,277389811105
2004	Outras_extrativo2	2	1,000000000000
2004	Maçaranduba 	5	2,600000000000
2004	Sorva 	43	2,209302325581
2004	Carvão_vegetal	4965	1,000000000000
2004	Lenha 	2432400	0,002638546292
2004	Madeira_em_tora	886605	0,020629254290
2004	Babaçu	11	0,818181818182
2004	 Copaíba 	429	3,041958041958
2004	Cumaru 	0	0,000000000000
2004	Tucum 	15	1,400000000000
2004	Outros_extrativa3	0	0,000000000000
2004	Carvão_vegetal	0	0,000000000000
2004	Lenha_silvicultura	0	0,000000000000
2004	Madeira_em_tora	0	0,000000000000
2004	Curimatã	0	0,000000000000
2004	Matrinxã 	0	0,000000000000
2004	Piau	0	0,000000000000
2004	Pirapitinga	0	0,000000000000
2004	Pirarucu	0	0,000000000000
2004	Tambaqui 	0	0,000000000000
2004	Tucunaré 	0	0,000000000000
2004	Alevinos	0	0,000000000000
2004	Leite	42912	0,827787099180
2004	Ovos_de_galinha	32383	1,255226507736
2004	Ovos_de_codorna	319	1,097178683386
2004	Mel_de_abelha	1043	0,006711409396
2005	Abacate	1363	0,099779897285
2005	Açaí	0	0,000000000000
2005	Banana	244767	0,347926803858
2005	Borracha 	0	0,000000000000
2005	Cacau	1195	2,316317991632
2005	Café	5689	1,205484267885
2005	Café_Arábica	0	0,000000000000
2005	Café_Canephora	0	0,000000000000
2005	Caqui	0	0,000000000000
2005	Castanha_de_caju	0	0,000000000000
2005	Coco-da-baía	2494	0,347634322374
2005	Dendê	183	0,420765027322
2005	Goiaba	45	0,200000000000
2005	Guaraná	1161	6,817398794143
2005	Laranja	11810	0,156646909399
2005	Limão	3636	0,081133113311
2005	Mamão	3494	0,398111047510
2005	Manga	918	0,127450980392
2005	Maracujá	904	0,180309734513
2005	Palmito	0	0,000000000000
2005	Pimenta-do-reino	129	1,000000000000
2005	Tangerina	1126	0,088809946714
2005	Urucum 	88	1,022727272727
2005	Abacaxi	29252	0,615513469165
2005	Algodão_herbáceo	1	0,000000000000
2005	Amendoim	2	0,500000000000
2005	Arroz 	16843	0,656711987176
2005	Batata-doce	596	0,149328859060
2005	Cana-de-açúcar	340027	0,244824675688
2005	Cebola	0	0,000000000000
2005	Feijão 	5768	1,635055478502
2005	Fumo 	559	3,000000000000
2005	Juta 	5402	0,660496112551
2005	Malva 	18436	0,770774571491
2005	Mandioca	876875	0,190793442623
2005	Melancia	15674	0,293415847901
2005	Melão	204	0,191176470588
2005	Milho 	34890	0,367813126970
2005	Soja	5136	0,258761682243
2005	Tomate	2938	0,177331518039
2005	Açaí_extrativo	1149	0,872062663185
2005	Castanha-do-pará 	8985	2,268002225932
2005	Umbu	2	1,000000000000
2005	Outros_extrativa	0	0,000000000000
2005	Outros_extrativo2	0	0,000000000000
2005	Hevea 	2006	1,978564307079
2005	Carnaúba	3	2,333333333333
2005	Outras_extrativo	0	0,000000000000
2005	Buriti 	1	2,000000000000
2005	Piaçava 	8949	1,580288300369
2005	Outras_extrativo2	2	1,000000000000
2005	Maçaranduba 	5	3,200000000000
2005	Sorva 	44	2,750000000000
2005	Carvão_vegetal	5022	1,059338908801
2005	Lenha 	2495783	0,003623311802
2005	Madeira_em_tora	909879	0,024526338117
2005	Babaçu	11	0,909090909091
2005	 Copaíba 	434	3,131336405530
2005	Cumaru 	0	0,000000000000
2005	Tucum 	15	1,666666666667
2005	Outros_extrativa3	0	0,000000000000
2005	Carvão_vegetal	0	0,000000000000
2005	Lenha_silvicultura	0	0,000000000000
2005	Madeira_em_tora	0	0,000000000000
2005	Curimatã	0	0,000000000000
2005	Matrinxã 	0	0,000000000000
2005	Piau	0	0,000000000000
2005	Pirapitinga	0	0,000000000000
2005	Pirarucu	0	0,000000000000
2005	Tambaqui 	0	0,000000000000
2005	Tucunaré 	0	0,000000000000
2005	Alevinos	0	0,000000000000
2005	Leite	43881	0,841548734076
2005	Ovos_de_galinha	38920	1,284660842754
2005	Ovos_de_codorna	319	1,128526645768
2005	Mel_de_abelha	1043	0,006711409396
2006	Abacate	1569	0,103250478011
2006	Açaí	0	0,000000000000
2006	Banana	262166	0,435994751417
2006	Borracha 	1	0,000000000000
2006	Cacau	1432	0,589385474860
2006	Café	5830	1,207375643225
2006	Café_Arábica	0	0,000000000000
2006	Café_Canephora	0	0,000000000000
2006	Caqui	0	0,000000000000
2006	Castanha_de_caju	0	0,000000000000
2006	Coco-da-baía	2858	0,328201539538
2006	Dendê	183	0,420765027322
2006	Goiaba	46	0,195652173913
2006	Guaraná	1156	6,637543252595
2006	Laranja	11873	0,162553693254
2006	Limão	1994	0,105817452357
2006	Mamão	3518	0,392268334281
2006	Manga	894	0,127516778523
2006	Maracujá	2204	0,279491833031
2006	Palmito	0	0,000000000000
2006	Pimenta-do-reino	109	0,834862385321
2006	Tangerina	1146	0,136125654450
2006	Urucum 	82	1,024390243902
2006	Abacaxi	17316	0,803245553246
2006	Algodão_herbáceo	1	0,000000000000
2006	Amendoim	2	0,500000000000
2006	Arroz 	19474	0,885693745507
2006	Batata-doce	628	0,164012738854
2006	Cana-de-açúcar	349847	0,242897609526
2006	Cebola	0	0,000000000000
2006	Feijão 	6455	1,595197521301
2006	Fumo 	99	3,000000000000
2006	Juta 	5617	0,565070322236
2006	Malva 	18142	0,564050270092
2006	Mandioca	770415	0,226728451549
2006	Melancia	26228	0,276384017081
2006	Melão	348	0,298850574713
2006	Milho 	37069	0,468019099517
2006	Soja	5138	0,258660957571
2006	Tomate	2845	0,176449912127
2006	Açaí_extrativo	1172	0,924061433447
2006	Castanha-do-pará 	9165	2,377741407529
2006	Umbu	2	1,000000000000
2006	Outros_extrativa	0	0,000000000000
2006	Outros_extrativo2	0	0,000000000000
2006	Hevea 	2046	2,077223851417
2006	Carnaúba	4	1,750000000000
2006	Outras_extrativo	0	0,000000000000
2006	Buriti 	1	2,000000000000
2006	Piaçava 	9128	1,656441717791
2006	Outras_extrativo2	2	1,000000000000
2006	Maçaranduba 	5	3,400000000000
2006	Sorva 	45	2,844444444444
2006	Carvão_vegetal	5122	1,112846544319
2006	Lenha 	2573594	0,003787699225
2006	Madeira_em_tora	925973	0,025742651244
2006	Babaçu	11	1,000000000000
2006	 Copaíba 	443	3,295711060948
2006	Cumaru 	0	0,000000000000
2006	Tucum 	16	1,750000000000
2006	Outros_extrativa3	0	0,000000000000
2006	Carvão_vegetal	0	0,000000000000
2006	Lenha_silvicultura	0	0,000000000000
2006	Madeira_em_tora	0	0,000000000000
2006	Curimatã	0	0,000000000000
2006	Matrinxã 	0	0,000000000000
2006	Piau	0	0,000000000000
2006	Pirapitinga	0	0,000000000000
2006	Pirarucu	0	0,000000000000
2006	Tambaqui 	0	0,000000000000
2006	Tucunaré 	0	0,000000000000
2006	Alevinos	0	0,000000000000
2006	Leite	45368	0,841628460589
2006	Ovos_de_galinha	48120	1,284060681629
2006	Ovos_de_codorna	342	1,128654970760
2006	Mel_de_abelha	1085	0,006451612903
2007	Abacate	4292	0,333876980429
2007	Açaí	0	0,000000000000
2007	Banana	235242	0,438977733568
2007	Borracha 	1	0,000000000000
2007	Cacau	917	1,221374045802
2007	Café	705	2,131914893617
2007	Café_Arábica	0	0,000000000000
2007	Café_Canephora	0	0,000000000000
2007	Caqui	12	0,500000000000
2007	Castanha_de_caju	0	0,000000000000
2007	Coco-da-baía	2869	0,360404322063
2007	Dendê	183	0,420765027322
2007	Goiaba	54	0,296296296296
2007	Guaraná	1122	6,937611408200
2007	Laranja	11702	0,242009912835
2007	Limão	1430	0,132167832168
2007	Mamão	1683	0,171717171717
2007	Manga	859	0,130384167637
2007	Maracujá	2257	0,266725742136
2007	Palmito	0	0,000000000000
2007	Pimenta-do-reino	20	2,900000000000
2007	Tangerina	1151	0,136403127715
2007	Urucum 	66	1,121212121212
2007	Abacaxi	40096	0,825743216281
2007	Algodão_herbáceo	0	0,000000000000
2007	Amendoim	0	0,000000000000
2007	Arroz 	14614	0,643629396469
2007	Batata-doce	858	0,230769230769
2007	Cana-de-açúcar	343302	0,243281425684
2007	Cebola	0	0,000000000000
2007	Feijão 	5654	1,355146798727
2007	Fumo 	279	1,207885304660
2007	Juta 	5637	0,573886819230
2007	Malva 	17514	0,595809067032
2007	Mandioca	678420	0,236502461602
2007	Melancia	23387	0,611279770813
2007	Melão	203	0,384236453202
2007	Milho 	29174	0,433536710770
2007	Soja	1931	1,492490937338
2007	Tomate	2818	0,176011355571
2007	Açaí_extrativo	1220	0,913114754098
2007	Castanha-do-pará 	8871	2,422049374366
2007	Umbu	2	1,500000000000
2007	Outros_extrativa	0	0,000000000000
2007	Outros_extrativo2	0	0,000000000000
2007	Hevea 	2107	1,874703369720
2007	Carnaúba	4	1,750000000000
2007	Outras_extrativo	0	0,000000000000
2007	Buriti 	1	2,000000000000
2007	Piaçava 	9402	1,656349712827
2007	Outras_extrativo2	0	0,000000000000
2007	Maçaranduba 	5	3,400000000000
2007	Sorva 	33	3,272727272727
2007	Carvão_vegetal	5362	1,133159268930
2007	Lenha 	2645389	0,004093537850
2007	Madeira_em_tora	1063425	0,026453205445
2007	Babaçu	12	0,916666666667
2007	 Copaíba 	456	6,311403508772
2007	Cumaru 	0	0,000000000000
2007	Tucum 	16	1,812500000000
2007	Outros_extrativa3	2	1,000000000000
2007	Carvão_vegetal	0	0,000000000000
2007	Lenha_silvicultura	0	0,000000000000
2007	Madeira_em_tora	0	0,000000000000
2007	Curimatã	0	0,000000000000
2007	Matrinxã 	0	0,000000000000
2007	Piau	0	0,000000000000
2007	Pirapitinga	0	0,000000000000
2007	Pirarucu	0	0,000000000000
2007	Tambaqui 	0	0,000000000000
2007	Tucunaré 	0	0,000000000000
2007	Alevinos	0	0,000000000000
2007	Leite	19505	0,860958728531
2007	Ovos_de_galinha	50986	1,289805044522
2007	Ovos_de_codorna	280	1,082142857143
2007	Mel_de_abelha	1152	0,006944444444
2008	Abacate	857	0,422403733956
2008	Açaí	0	0,000000000000
2008	Banana	90247	0,812769399537
2008	Borracha 	271	0,723247232472
2008	Cacau	1419	1,628611698379
2008	Café	5557	2,376282166637
2008	Café_Arábica	0	0,000000000000
2008	Café_Canephora	0	0,000000000000
2008	Caqui	0	0,000000000000
2008	Castanha_de_caju	0	0,000000000000
2008	Coco-da-baía	16471	0,235261975593
2008	Dendê	180	0,450000000000
2008	Goiaba	116	0,405172413793
2008	Guaraná	751	7,557922769640
2008	Laranja	18227	0,424699621441
2008	Limão	3402	0,265726043504
2008	Mamão	9684	0,150970673276
2008	Manga	1051	0,055185537583
2008	Maracujá	3015	0,080265339967
2008	Palmito	0	0,000000000000
2008	Pimenta-do-reino	350	4,280000000000
2008	Tangerina	404	0,128712871287
2008	Urucum 	92	1,206521739130
2008	Abacaxi	22468	1,116699305679
2008	Algodão_herbáceo	0	0,000000000000
2008	Amendoim	0	0,000000000000
2008	Arroz 	9932	0,979258960934
2008	Batata-doce	502	0,171314741036
2008	Cana-de-açúcar	365983	0,225890273592
2008	Cebola	0	0,000000000000
2008	Feijão 	3304	1,422215496368
2008	Fumo 	23	0,565217391304
2008	Juta 	488	0,854508196721
2008	Malva 	11110	1,047794779478
2008	Mandioca	1139218	0,205034506126
2008	Melancia	30429	0,581977718624
2008	Melão	0	0,000000000000
2008	Milho 	29313	0,515777982465
2008	Soja	600	1,600000000000
2008	Tomate	1686	0,048635824437
2008	Açaí_extrativo	1274	1,092621664050
2008	Castanha-do-pará 	9111	2,579519262430
2008	Umbu	2	1,500000000000
2008	Outros_extrativa	0	0,000000000000
2008	Outros_extrativo2	0	0,000000000000
2008	Hevea 	2161	2,065247570569
2008	Carnaúba	0	0,000000000000
2008	Outras_extrativo	0	0,000000000000
2008	Buriti 	1	2,000000000000
2008	Piaçava 	9694	1,901279141737
2008	Outras_extrativo2	5	7,600000000000
2008	Maçaranduba 	5	3,800000000000
2008	Sorva 	35	3,342857142857
2008	Carvão_vegetal	5721	1,221639573501
2008	Lenha 	2728455	0,004309032035
2008	Madeira_em_tora	1102976	0,027232686840
2008	Babaçu	12	1,083333333333
2008	 Copaíba 	468	6,632478632479
2008	Cumaru 	0	0,000000000000
2008	Tucum 	18	1,222222222222
2008	Outros_extrativa3	4	6,750000000000
2008	Carvão_vegetal	0	0,000000000000
2008	Lenha_silvicultura	0	0,000000000000
2008	Madeira_em_tora	0	0,000000000000
2008	Curimatã	0	0,000000000000
2008	Matrinxã 	0	0,000000000000
2008	Piau	0	0,000000000000
2008	Pirapitinga	0	0,000000000000
2008	Pirarucu	0	0,000000000000
2008	Tambaqui 	0	0,000000000000
2008	Tucunaré 	0	0,000000000000
2008	Alevinos	0	0,000000000000
2008	Leite	40656	1,039797323888
2008	Ovos_de_galinha	53560	1,355171769978
2008	Ovos_de_codorna	331	1,141993957704
2008	Mel_de_abelha	19040	0,014600840336
2009	Abacate	933	0,415862808146
2009	Açaí	0	0,000000000000
2009	Banana	136108	0,810878126194
2009	Borracha 	631	1,269413629160
2009	Cacau	869	1,014959723820
2009	Café	5721	2,374235273554
2009	Café_Arábica	0	0,000000000000
2009	Café_Canephora	0	0,000000000000
2009	Caqui	0	0,000000000000
2009	Castanha_de_caju	0	0,000000000000
2009	Coco-da-baía	16823	0,235748677406
2009	Dendê	183	0,448087431694
2009	Goiaba	134	0,410447761194
2009	Guaraná	1659	7,445449065702
2009	Laranja	16278	0,387578326576
2009	Limão	3617	0,262925076030
2009	Mamão	10140	0,154437869822
2009	Manga	1118	0,055456171735
2009	Maracujá	3143	0,080178173719
2009	Palmito	0	0,000000000000
2009	Pimenta-do-reino	371	4,185983827493
2009	Tangerina	426	0,129107981221
2009	Urucum 	99	1,202020202020
2009	Abacaxi	22378	1,123335418715
2009	Algodão_herbáceo	0	0,000000000000
2009	Amendoim	0	0,000000000000
2009	Arroz 	9986	0,992189064691
2009	Batata-doce	572	0,171328671329
2009	Cana-de-açúcar	368050	0,227428338541
2009	Cebola	0	0,000000000000
2009	Feijão 	3185	1,393720565149
2009	Fumo 	27	0,740740740741
2009	Juta 	559	0,869409660107
2009	Malva 	12343	1,043749493640
2009	Mandioca	995876	0,204878920669
2009	Melancia	31318	0,584264640143
2009	Melão	0	0,000000000000
2009	Milho 	29252	0,514631478190
2009	Soja	612	1,599673202614
2009	Tomate	1039	0,050048123195
2009	Açaí_extrativo	1576	1,205583756345
2009	Castanha-do-pará 	16012	1,872220834374
2009	Umbu	2	1,500000000000
2009	Outros_extrativa	0	0,000000000000
2009	Outros_extrativo2	0	0,000000000000
2009	Hevea 	2192	2,133211678832
2009	Carnaúba	0	0,000000000000
2009	Outras_extrativo	0	0,000000000000
2009	Buriti 	1	2,000000000000
2009	Piaçava 	1681	1,456276026175
2009	Outras_extrativo2	413	1,794188861985
2009	Maçaranduba 	5	3,800000000000
2009	Sorva 	36	3,333333333333
2009	Carvão_vegetal	2978	1,331094694426
2009	Lenha 	2539348	0,004412156191
2009	Madeira_em_tora	1055928	0,027323832686
2009	Babaçu	13	1,000000000000
2009	 Copaíba 	479	7,112734864301
2009	Cumaru 	0	0,000000000000
2009	Tucum 	18	1,277777777778
2009	Outros_extrativa3	10	4,400000000000
2009	Carvão_vegetal	12	1,083333333333
2009	Lenha_silvicultura	4900	0,020000000000
2009	Madeira_em_tora	2350	0,028085106383
2009	Curimatã	0	0,000000000000
2009	Matrinxã 	0	0,000000000000
2009	Piau	0	0,000000000000
2009	Pirapitinga	0	0,000000000000
2009	Pirarucu	0	0,000000000000
2009	Tambaqui 	0	0,000000000000
2009	Tucunaré 	0	0,000000000000
2009	Alevinos	0	0,000000000000
2009	Leite	41749	1,094804665980
2009	Ovos_de_galinha	64709	1,334744780479
2009	Ovos_de_codorna	337	1,142433234421
2009	Mel_de_abelha	21392	0,015145848915
2010	Abacate	785	0,309554140127
2010	Açaí	0	0,000000000000
2010	Banana	79734	0,820202172223
2010	Borracha 	1259	2,091342335187
2010	Cacau	3236	4,586526576020
2010	Café	3902	2,257303946694
2010	Café_Arábica	0	0,000000000000
2010	Café_Canephora	0	0,000000000000
2010	Caqui	0	0,000000000000
2010	Castanha_de_caju	0	0,000000000000
2010	Coco-da-baía	8875	0,805521126761
2010	Dendê	3060	0,405882352941
2010	Goiaba	160	0,956250000000
2010	Guaraná	747	10,805890227577
2010	Laranja	24429	1,149699128085
2010	Limão	3322	1,163756773028
2010	Mamão	11470	1,071054925894
2010	Manga	999	0,072072072072
2010	Maracujá	17358	1,431846986980
2010	Palmito	185	1,600000000000
2010	Pimenta-do-reino	275	3,894545454545
2010	Tangerina	644	0,486024844720
2010	Urucum 	59	1,305084745763
2010	Abacaxi	38213	1,398005914218
2010	Algodão_herbáceo	0	0,000000000000
2010	Amendoim	0	0,000000000000
2010	Arroz 	8716	0,952845341900
2010	Batata-doce	8406	0,917677849155
2010	Cana-de-açúcar	341186	0,210287057499
2010	Cebola	0	0,000000000000
2010	Feijão 	4350	1,981379310345
2010	Fumo 	34	0,764705882353
2010	Juta 	907	1,147739801544
2010	Malva 	11595	1,175937904269
2010	Mandioca	778217	0,475136112421
2010	Melancia	66379	1,003630666325
2010	Melão	0	0,000000000000
2010	Milho 	34880	0,599799311927
2010	Soja	540	0,600000000000
2010	Tomate	1782	2,117845117845
2010	Açaí_extrativo	3256	1,320024570025
2010	Castanha-do-pará 	16039	1,636261612320
2010	Umbu	2	1,500000000000
2010	Outros_extrativa	0	0,000000000000
2010	Outros_extrativo2	0	0,000000000000
2010	Hevea 	2331	2,168168168168
2010	Carnaúba	0	0,000000000000
2010	Outras_extrativo	0	0,000000000000
2010	Buriti 	0	0,000000000000
2010	Piaçava 	2230	1,415246636771
2010	Outras_extrativo2	331	1,712990936556
2010	Maçaranduba 	5	3,600000000000
2010	Sorva 	2	1,500000000000
2010	Carvão_vegetal	2212	1,360307414105
2010	Lenha 	1385893	0,004475814511
2010	Madeira_em_tora	665362	0,028479233861
2010	Babaçu	12	1,083333333333
2010	 Copaíba 	538	7,962825278810
2010	Cumaru 	0	0,000000000000
2010	Tucum 	16	1,375000000000
2010	Outros_extrativa3	239	2,665271966527
2010	Carvão_vegetal	13	1,000000000000
2010	Lenha_silvicultura	5145	0,020991253644
2010	Madeira_em_tora	2467	0,029995946494
2010	Curimatã	0	0,000000000000
2010	Matrinxã 	0	0,000000000000
2010	Piau	0	0,000000000000
2010	Pirapitinga	0	0,000000000000
2010	Pirarucu	0	0,000000000000
2010	Tambaqui 	0	0,000000000000
2010	Tucunaré 	0	0,000000000000
2010	Alevinos	0	0,000000000000
2010	Leite	47203	1,288223206152
2010	Ovos_de_galinha	67017	2,296969425668
2010	Ovos_de_codorna	337	1,504451038576
2010	Mel_de_abelha	45449	0,021958678959
2011	Abacate	781	0,307298335467
2011	Açaí	0	0,000000000000
2011	Banana	96239	0,840605160070
2011	Borracha 	172	2,645348837209
2011	Cacau	3767	5,300769843377
2011	Café	2543	2,269366889501
2011	Café_Arábica	0	0,000000000000
2011	Café_Canephora	0	0,000000000000
2011	Caqui	0	0,000000000000
2011	Castanha_de_caju	0	0,000000000000
2011	Coco-da-baía	9006	0,759604707972
2011	Dendê	3060	0,369607843137
2011	Goiaba	107	1,168224299065
2011	Guaraná	857	14,695449241540
2011	Laranja	41917	1,544218336236
2011	Limão	3990	1,291478696742
2011	Mamão	23445	1,287737257411
2011	Manga	1275	0,105098039216
2011	Maracujá	22774	1,670501449021
2011	Palmito	176	1,625000000000
2011	Pimenta-do-reino	205	4,439024390244
2011	Tangerina	936	0,842948717949
2011	Urucum 	96	1,354166666667
2011	Abacaxi	62330	1,400481309161
2011	Algodão_herbáceo	0	0,000000000000
2011	Amendoim	0	0,000000000000
2011	Arroz 	11080	0,959566787004
2011	Batata-doce	9259	1,014580408251
2011	Cana-de-açúcar	302895	0,230984334505
2011	Cebola	0	0,000000000000
2011	Feijão 	4760	2,074579831933
2011	Fumo 	33	0,636363636364
2011	Juta 	990	1,204040404040
2011	Malva 	13819	1,193718792966
2011	Mandioca	966341	0,486897482359
2011	Melancia	72538	1,027516611983
2011	Melão	0	0,000000000000
2011	Milho 	35945	0,625928501878
2011	Soja	540	0,600000000000
2011	Tomate	1640	2,147560975610
2011	Açaí_extrativo	89480	1,144836835047
2011	Castanha-do-pará 	14661	1,741422822454
2011	Umbu	2	1,500000000000
2011	Outros_extrativa	0	0,000000000000
2011	Outros_extrativo2	0	0,000000000000
2011	Hevea 	2018	2,538156590684
2011	Carnaúba	0	0,000000000000
2011	Outras_extrativo	0	0,000000000000
2011	Buriti 	0	0,000000000000
2011	Piaçava 	2040	1,509803921569
2011	Outras_extrativo2	232	2,004310344828
2011	Maçaranduba 	0	0,000000000000
2011	Sorva 	1	3,000000000000
2011	Carvão_vegetal	2108	1,315939278937
2011	Lenha 	1259860	0,006959503437
2011	Madeira_em_tora	680700	0,056888497135
2011	Babaçu	9	1,000000000000
2011	 Copaíba 	168	8,636904761905
2011	Cumaru 	0	0,000000000000
2011	Tucum 	13	1,307692307692
2011	Outros_extrativa3	239	5,071129707113
2011	Carvão_vegetal	11	1,090909090909
2011	Lenha_silvicultura	4700	0,030000000000
2011	Madeira_em_tora	2150	0,150232558140
2011	Curimatã	0	0,000000000000
2011	Matrinxã 	0	0,000000000000
2011	Piau	0	0,000000000000
2011	Pirapitinga	0	0,000000000000
2011	Pirarucu	0	0,000000000000
2011	Tambaqui 	0	0,000000000000
2011	Tucunaré 	0	0,000000000000
2011	Alevinos	0	0,000000000000
2011	Leite	52033	1,306113428017
2011	Ovos_de_galinha	72088	2,378759294196
2011	Ovos_de_codorna	354	1,731638418079
2011	Mel_de_abelha	48394	0,022048187792
2012	Abacate	420	0,435714285714
2012	Açaí	0	0,000000000000
2012	Banana	63745	0,934237979449
2012	Borracha 	145	2,572413793103
2012	Cacau	4606	4,925314806774
2012	Café	2143	2,707886140924
2012	Café_Arábica	0	0,000000000000
2012	Café_Canephora	2143	2,707886140924
2012	Caqui	0	0,000000000000
2012	Castanha_de_caju	0	0,000000000000
2012	Coco-da-baía	6684	0,761220825853
2012	Dendê	2278	0,340649692713
2012	Goiaba	352	0,911931818182
2012	Guaraná	822	16,974452554745
2012	Laranja	58135	1,549668874172
2012	Limão	4186	1,390587673196
2012	Mamão	11339	1,591410177264
2012	Manga	561	0,165775401070
2012	Maracujá	12496	2,306498079385
2012	Palmito	56	1,875000000000
2012	Pimenta-do-reino	223	5,910313901345
2012	Tangerina	1181	1,022861981372
2012	Urucum 	87	1,563218390805
2012	Abacaxi	69320	1,468955568379
2012	Algodão_herbáceo	0	0,000000000000
2012	Amendoim	0	0,000000000000
2012	Arroz 	12908	1,017276107840
2012	Batata-doce	5697	1,017202036159
2012	Cana-de-açúcar	304751	0,235103412294
2012	Cebola	0	0,000000000000
2012	Feijão 	5353	2,168690453951
2012	Fumo 	6	0,666666666667
2012	Juta 	965	1,655958549223
2012	Malva 	6859	1,579822131506
2012	Mandioca	926297	0,557187381585
2012	Melancia	93074	0,959859896426
2012	Melão	400	3,000000000000
2012	Milho 	36697	0,686922636728
2012	Soja	660	0,763636363636
2012	Tomate	1430	2,317482517483
2012	Açaí_extrativo	71146	1,178393725578
2012	Castanha-do-pará 	10478	1,976999427372
2012	Umbu	0	0,000000000000
2012	Outros_extrativa	82	0,939024390244
2012	Outros_extrativo2	2	3,000000000000
2012	Hevea 	1487	2,608607935440
2012	Carnaúba	0	0,000000000000
2012	Outras_extrativo	0	0,000000000000
2012	Buriti 	0	0,000000000000
2012	Piaçava 	2209	1,296514259846
2012	Outras_extrativo2	274	2,390510948905
2012	Maçaranduba 	0	0,000000000000
2012	Sorva 	1	2,000000000000
2012	Carvão_vegetal	1534	1,367014341591
2012	Lenha 	994103	0,006879568817
2012	Madeira_em_tora	716847	0,063217116065
2012	Babaçu	6	1,000000000000
2012	 Copaíba 	94	12,808510638298
2012	Cumaru 	3	3,666666666667
2012	Tucum 	0	0,000000000000
2012	Outros_extrativa3	86	7,465116279070
2012	Carvão_vegetal	0	0,000000000000
2012	Lenha_silvicultura	0	0,000000000000
2012	Madeira_em_tora	2100	0,400000000000
2012	Curimatã	0	0,000000000000
2012	Matrinxã 	0	0,000000000000
2012	Piau	0	0,000000000000
2012	Pirapitinga	0	0,000000000000
2012	Pirarucu	0	0,000000000000
2012	Tambaqui 	0	0,000000000000
2012	Tucunaré 	0	0,000000000000
2012	Alevinos	0	0,000000000000
2012	Leite	48165	1,424021592443
2012	Ovos_de_galinha	65949	2,489241686758
2012	Ovos_de_codorna	346	1,971098265896
2012	Mel_de_abelha	43267	0,026047565119
2013	Abacate	298	0,775167785235
2013	Açaí	0	0,000000000000
2013	Banana	84726	1,026320137856
2013	Borracha 	137	3,248175182482
2013	Cacau	4474	4,323424228878
2013	Café	1993	3,176116407426
2013	Café_Arábica	0	0,000000000000
2013	Café_Canephora	1993	3,176116407426
2013	Caqui	0	0,000000000000
2013	Castanha_de_caju	0	0,000000000000
2013	Coco-da-baía	5953	0,889467495380
2013	Dendê	2318	0,352027610009
2013	Goiaba	702	1,279202279202
2013	Guaraná	664	18,722891566265
2013	Laranja	49856	1,596377567394
2013	Limão	4370	1,554462242563
2013	Mamão	21682	1,782307905175
2013	Manga	539	0,296846011132
2013	Maracujá	23438	2,461686150695
2013	Palmito	50	1,940000000000
2013	Pimenta-do-reino	227	5,933920704846
2013	Tangerina	1128	1,126773049645
2013	Urucum 	79	1,911392405063
2013	Abacaxi	78447	1,289698777519
2013	Algodão_herbáceo	0	0,000000000000
2013	Amendoim	0	0,000000000000
2013	Arroz 	8201	1,011096207780
2013	Batata-doce	5567	1,120711334651
2013	Cana-de-açúcar	288550	0,257480505978
2013	Cebola	0	0,000000000000
2013	Feijão 	3886	2,260422027792
2013	Fumo 	4	0,500000000000
2013	Juta 	448	1,662946428571
2013	Malva 	8343	1,732230612490
2013	Mandioca	940975	0,711449294615
2013	Melancia	95653	0,984119682603
2013	Melão	384	1,812500000000
2013	Milho 	27610	0,797356030424
2013	Soja	60	0,766666666667
2013	Tomate	1231	2,737611697807
2013	Açaí_extrativo	71783	1,301380549712
2013	Castanha-do-pará 	11785	2,169282986848
2013	Umbu	0	0,000000000000
2013	Outros_extrativa	45	2,200000000000
2013	Outros_extrativo2	2	3,000000000000
2013	Hevea 	1280	3,699218750000
2013	Carnaúba	0	0,000000000000
2013	Outras_extrativo	0	0,000000000000
2013	Buriti 	2	0,000000000000
2013	Piaçava 	2140	1,363084112150
2013	Outras_extrativo2	298	2,640939597315
2013	Maçaranduba 	0	0,000000000000
2013	Sorva 	0	0,000000000000
2013	Carvão_vegetal	1439	1,503822098680
2013	Lenha 	840569	0,008194449236
2013	Madeira_em_tora	803985	0,109708514462
2013	Babaçu	6	1,000000000000
2013	 Copaíba 	119	15,554621848740
2013	Cumaru 	2	3,000000000000
2013	Tucum 	0	0,000000000000
2013	Outros_extrativa3	75	8,866666666667
2013	Carvão_vegetal	0	0,000000000000
2013	Lenha_silvicultura	0	0,000000000000
2013	Madeira_em_tora	0	0,000000000000
2013	Curimatã	266000	0,008293233083
2013	Matrinxã 	3142200	0,007322894787
2013	Piau	33000	0,009636363636
2013	Pirapitinga	59100	0,009898477157
2013	Pirarucu	0	0,000000000000
2013	Tambaqui 	11563840	0,006289865650
2013	Tucunaré 	0	0,000000000000
2013	Alevinos	12642	0,121816168328
2013	Leite	48969	1,370356756315
2013	Ovos_de_galinha	64016	2,580511122219
2013	Ovos_de_codorna	357	2,028011204482
2013	Mel_de_abelha	36700	0,027138964578
2014	Abacate	125	0,784000000000
2014	Açaí	0	0,000000000000
2014	Banana	54610	1,224317890496
2014	Borracha 	186	2,301075268817
2014	Cacau	2169	4,100507146150
2014	Café	429	2,571095571096
2014	Café_Arábica	50	2,200000000000
2014	Café_Canephora	379	2,620052770449
2014	Caqui	0	0,000000000000
2014	Castanha_de_caju	0	0,000000000000
2014	Coco-da-baía	5739	0,901202300052
2014	Dendê	620	0,427419354839
2014	Goiaba	1912	1,053347280335
2014	Guaraná	624	21,144230769231
2014	Laranja	42865	1,691916481978
2014	Limão	3080	2,541883116883
2014	Mamão	19508	1,933258150502
2014	Manga	628	0,273885350318
2014	Maracujá	20655	2,355119825708
2014	Palmito	0	0,000000000000
2014	Pimenta-do-reino	151	9,350993377483
2014	Tangerina	351	1,603988603989
2014	Urucum 	12	1,583333333333
2014	Abacaxi	76921	1,403608897440
2014	Algodão_herbáceo	0	0,000000000000
2014	Amendoim	0	0,000000000000
2014	Arroz 	7114	1,160387967388
2014	Batata-doce	4433	1,333408526957
2014	Cana-de-açúcar	302066	0,260529155880
2014	Cebola	0	0,000000000000
2014	Feijão 	1806	2,905315614618
2014	Fumo 	0	0,000000000000
2014	Juta 	1169	2,009409751925
2014	Malva 	7075	2,025017667845
2014	Mandioca	846884	0,786681528993
2014	Melancia	86071	1,071371309733
2014	Melão	77	1,831168831169
2014	Milho 	21430	1,032431171255
2014	Soja	0	0,000000000000
2014	Tomate	601	2,970049916805
2014	Açaí_extrativo	66642	1,543366045437
2014	Castanha-do-pará 	12901	2,156577009534
2014	Umbu	0	0,000000000000
2014	Outros_extrativa	48	2,145833333333
2014	Outros_extrativo2	2	3,000000000000
2014	Hevea 	1049	3,604385128694
2014	Carnaúba	0	0,000000000000
2014	Outras_extrativo	0	0,000000000000
2014	Buriti 	2	1,000000000000
2014	Piaçava 	2166	1,436749769160
2014	Outras_extrativo2	181	2,453038674033
2014	Maçaranduba 	0	0,000000000000
2014	Sorva 	1	2,000000000000
2014	Carvão_vegetal	1430	1,563636363636
2014	Lenha 	845768	0,008796738586
2014	Madeira_em_tora	746569	0,162669492036
2014	Babaçu	5	1,600000000000
2014	 Copaíba 	124	20,879032258065
2014	Cumaru 	14	5,785714285714
2014	Tucum 	0	0,000000000000
2014	Outros_extrativa3	62	8,516129032258
2014	Carvão_vegetal	0	0,000000000000
2014	Lenha_silvicultura	0	0,000000000000
2014	Madeira_em_tora	0	0,000000000000
2014	Curimatã	57100	0,008143607706
2014	Matrinxã 	8439410	0,008129833721
2014	Piau	37000	0,009594594595
2014	Pirapitinga	63618	0,009777107108
2014	Pirarucu	125000	0,010912000000
2014	Tambaqui 	13805010	0,007308506115
2014	Tucunaré 	0	0,000000000000
2014	Alevinos	19169	0,150764254786
2014	Leite	51337	1,471706566414
2014	Ovos_de_galinha	64697	3,145524522003
2014	Ovos_de_codorna	394	2,654822335025
2014	Mel_de_abelha	37968	0,027444163506
2015	Abacate	2220	0,949549549550
2015	Açaí	546	1,503663003663
2015	Banana	73444	1,583750885028
2015	Borracha 	89	2,337078651685
2015	Cacau	2109	4,032716927454
2015	Café	2011	3,641471904525
2015	Café_Arábica	39	3,076923076923
2015	Café_Canephora	1972	3,653144016227
2015	Caqui	0	0,000000000000
2015	Castanha_de_caju	0	0,000000000000
2015	Coco-da-baía	5552	1,088436599424
2015	Dendê	430	0,358139534884
2015	Goiaba	1520	1,264473684211
2015	Guaraná	662	21,590634441088
2015	Laranja	55837	1,878324408546
2015	Limão	2910	2,343986254296
2015	Mamão	17318	1,976325210763
2015	Manga	1735	0,425936599424
2015	Maracujá	24999	2,669186767471
2015	Palmito	0	0,000000000000
2015	Pimenta-do-reino	95	9,968421052632
2015	Tangerina	464	1,892241379310
2015	Urucum 	9	2,111111111111
2015	Abacaxi	69090	1,548704588218
2015	Algodão_herbáceo	0	0,000000000000
2015	Amendoim	0	0,000000000000
2015	Arroz 	4099	1,050500121981
2015	Batata-doce	5094	1,478602277189
2015	Cana-de-açúcar	232389	0,266854283120
2015	Cebola	0	0,000000000000
2015	Feijão 	2434	1,993837304848
2015	Fumo 	0	0,000000000000
2015	Juta 	945	2,151322751323
2015	Malva 	3812	1,636411332634
2015	Mandioca	801299	0,868689465480
2015	Melancia	57979	1,345193949533
2015	Melão	228	2,114035087719
2015	Milho 	16816	1,105435299715
2015	Soja	0	0,000000000000
2015	Tomate	249	3,963855421687
2015	Açaí_extrativo	65638	1,775419726378
2015	Castanha-do-pará 	13983	2,583422727598
2015	Umbu	0	0,000000000000
2015	Outros_extrativa	45	2,111111111111
2015	Outros_extrativo2	2	4,000000000000
2015	Hevea 	1084	3,381918819188
2015	Carnaúba	0	0,000000000000
2015	Outras_extrativo	0	0,000000000000
2015	Buriti 	5	1,400000000000
2015	Piaçava 	1763	1,800340328985
2015	Outras_extrativo2	163	2,570552147239
2015	Maçaranduba 	0	0,000000000000
2015	Sorva 	1	2,000000000000
2015	Carvão_vegetal	1348	1,752967359050
2015	Lenha 	812373	0,008992174777
2015	Madeira_em_tora	744485	0,167805932960
2015	Babaçu	3	1,666666666667
2015	 Copaíba 	127	22,141732283465
2015	Cumaru 	15	6,000000000000
2015	Tucum 	0	0,000000000000
2015	Outros_extrativa3	78	7,641025641026
2015	Carvão_vegetal	0	0,000000000000
2015	Lenha_silvicultura	0	0,000000000000
2015	Madeira_em_tora	0	0,000000000000
2015	Curimatã	39800	0,008969849246
2015	Matrinxã 	7943283	0,007718093388
2015	Piau	23000	0,009304347826
2015	Pirapitinga	62110	0,009660280148
2015	Pirarucu	103000	0,009388349515
2015	Tambaqui 	14450200	0,006928070200
2015	Tucunaré 	15000	0,003000000000
2015	Alevinos	24958	0,124248737880
2015	Leite	47687	1,516325203934
2015	Ovos_de_galinha	64306	2,675224706870
2015	Ovos_de_codorna	394	1,779187817259
2015	Mel_de_abelha	35655	0,027289300238
2016	Abacate	273	2,600732600733
2016	Açaí	9576	1,752610693400
2016	Banana	88929	1,682949319120
2016	Borracha 	76	1,986842105263
2016	Cacau	825	4,313939393939
2016	Café	555	2,980180180180
2016	Café_Arábica	23	4,173913043478
2016	Café_Canephora	532	2,928571428571
2016	Caqui	0	0,000000000000
2016	Castanha_de_caju	0	0,000000000000
2016	Coco-da-baía	4130	1,262227602906
2016	Dendê	2090	0,187559808612
2016	Goiaba	765	2,522875816993
2016	Guaraná	745	20,220134228188
2016	Laranja	48851	2,233485496715
2016	Limão	2567	2,348266458901
2016	Mamão	23137	2,058520983706
2016	Manga	60	1,000000000000
2016	Maracujá	24323	2,888130575998
2016	Palmito	0	0,000000000000
2016	Pimenta-do-reino	31	3,935483870968
2016	Tangerina	318	2,009433962264
2016	Urucum 	12	2,916666666667
2016	Abacaxi	78370	2,790595891285
2016	Algodão_herbáceo	0	0,000000000000
2016	Amendoim	0	0,000000000000
2016	Arroz 	819	1,271062271062
2016	Batata-doce	6083	1,558277165872
2016	Cana-de-açúcar	224429	0,264636031885
2016	Cebola	0	0,000000000000
2016	Feijão 	2004	2,410179640719
2016	Fumo 	0	0,000000000000
2016	Juta 	181	1,878453038674
2016	Malva 	2264	1,979681978799
2016	Mandioca	924899	0,908404052767
2016	Melancia	56189	1,352987239495
2016	Melão	68	0,529411764706
2016	Milho 	9929	0,983885587672
2016	Soja	0	0,000000000000
2016	Tomate	162	3,654320987654
2016	Açaí_extrativo	57572	1,732804140902
2016	Castanha-do-pará 	15183	3,049068036620
2016	Umbu	0	0,000000000000
2016	Outros_extrativa	68	2,250000000000
2016	Outros_extrativo2	2	6,500000000000
2016	Hevea 	866	3,370669745958
2016	Carnaúba	0	0,000000000000
2016	Outras_extrativo	0	0,000000000000
2016	Buriti 	1	5,000000000000
2016	Piaçava 	2654	1,741145440844
2016	Outras_extrativo2	190	2,468421052632
2016	Maçaranduba 	0	0,000000000000
2016	Sorva 	1	2,000000000000
2016	Carvão_vegetal	1278	1,866979655712
2016	Lenha 	734916	0,009654164558
2016	Madeira_em_tora	993548	0,158076912238
2016	Babaçu	0	0,000000000000
2016	 Copaíba 	142	22,190140845070
2016	Cumaru 	18	8,000000000000
2016	Tucum 	0	0,000000000000
2016	Outros_extrativa3	178	11,601123595506
2016	Carvão_vegetal	0	0,000000000000
2016	Lenha_silvicultura	0	0,000000000000
2016	Madeira_em_tora	0	0,000000000000
2016	Curimatã	20300	0,008226600985
2016	Matrinxã 	3139340	0,008041180630
2016	Piau	35100	0,009572649573
2016	Pirapitinga	52600	0,009391634981
2016	Pirarucu	93400	0,009882226981
2016	Tambaqui 	8858442	0,007253645731
2016	Tucunaré 	0	0,000000000000
2016	Alevinos	25465	0,123699194973
2016	Leite	45978	1,516964635260
2016	Ovos_de_galinha	51313	2,709274452868
2016	Ovos_de_codorna	438	1,716894977169
2016	Mel_de_abelha	33310	0,027859501651
2017	Abacate	178	1,893258426966
2017	Açaí	52785	1,602803826845
2017	Banana	103477	1,451491635822
2017	Borracha 	38	2,973684210526
2017	Cacau	644	4,220496894410
2017	Café	507	2,792899408284
2017	Café_Arábica	26	3,961538461538
2017	Café_Canephora	481	2,727650727651
2017	Caqui	0	0,000000000000
2017	Castanha_de_caju	0	0,000000000000
2017	Coco-da-baía	4394	1,136322257624
2017	Dendê	3630	0,578236914601
2017	Goiaba	1337	2,553477935677
2017	Guaraná	854	19,070257611241
2017	Laranja	41565	1,994466498256
2017	Limão	2665	1,939587242026
2017	Mamão	25954	1,961277645064
2017	Manga	0	0,000000000000
2017	Maracujá	24563	2,621015348288
2017	Palmito	0	0,000000000000
2017	Pimenta-do-reino	32	7,125000000000
2017	Tangerina	322	1,732919254658
2017	Urucum 	2	2,500000000000
2017	Abacaxi	77053	1,847702230932
2017	Algodão_herbáceo	0	0,000000000000
2017	Amendoim	0	0,000000000000
2017	Arroz 	744	1,439516129032
2017	Batata-doce	5986	1,557133311059
2017	Cana-de-açúcar	241073	0,268823136560
2017	Cebola	5	5,000000000000
2017	Feijão 	2221	2,226024313372
2017	Fumo 	0	0,000000000000
2017	Juta 	42	1,809523809524
2017	Malva 	2123	1,717852096090
2017	Mandioca	964525	0,963855783935
2017	Melancia	63673	1,337772682299
2017	Melão	14	2,000000000000
2017	Milho 	8852	1,064618165386
2017	Soja	0	0,000000000000
2017	Tomate	55	1,327272727273
2017	Açaí_extrativo	50503	1,816050531652
2017	Castanha-do-pará 	10011	3,023873738887
2017	Umbu	0	0,000000000000
2017	Outros_extrativa	319	2,065830721003
2017	Outros_extrativo2	0	0,000000000000
2017	Hevea 	619	3,670436187399
2017	Carnaúba	0	0,000000000000
2017	Outras_extrativo	0	0,000000000000
2017	Buriti 	1	4,000000000000
2017	Piaçava 	1858	1,235199138859
2017	Outras_extrativo2	182	2,384615384615
2017	Maçaranduba 	0	0,000000000000
2017	Sorva 	1	2,000000000000
2017	Carvão_vegetal	1259	1,910246227164
2017	Lenha 	651427	0,010209893050
2017	Madeira_em_tora	875750	0,171859548958
2017	Babaçu	0	0,000000000000
2017	 Copaíba 	141	21,879432624114
2017	Cumaru 	19	9,052631578947
2017	Tucum 	0	0,000000000000
2017	Outros_extrativa3	186	5,419354838710
2017	Carvão_vegetal	0	0,000000000000
2017	Lenha_silvicultura	0	0,000000000000
2017	Madeira_em_tora	0	0,000000000000
2017	Curimatã	21830	0,009436555199
2017	Matrinxã 	1755248	0,008204538618
2017	Piau	34916	0,010310459388
2017	Pirapitinga	20720	0,010135135135
2017	Pirarucu	108733	0,011082192159
2017	Tambaqui 	5632496	0,007794590533
2017	Tucunaré 	0	0,000000000000
2017	Alevinos	20114	0,119866759471
2017	Leite	42925	1,446616191031
2017	Ovos_de_galinha	49856	2,859715982028
2017	Ovos_de_codorna	453	1,701986754967
2017	Mel_de_abelha	30838	0,029573902328
2018	Abacate	204	2,318627450980
2018	Açaí	62329	1,557541433362
2018	Banana	113272	1,385214351296
2018	Borracha 	34	3,382352941176
2018	Cacau	689	3,959361393324
2018	Café	347	2,677233429395
2018	Café_Arábica	29	4,034482758621
2018	Café_Canephora	318	2,550314465409
2018	Caqui	0	0,000000000000
2018	Castanha_de_caju	0	0,000000000000
2018	Coco-da-baía	6620	0,961480362538
2018	Dendê	18	0,388888888889
2018	Goiaba	849	1,679623085984
2018	Guaraná	733	19,064120054570
2018	Laranja	45775	1,570289459312
2018	Limão	3328	1,885516826923
2018	Mamão	28936	2,081766657451
2018	Manga	0	0,000000000000
2018	Maracujá	17045	2,845350542681
2018	Palmito	0	0,000000000000
2018	Pimenta-do-reino	26	7,846153846154
2018	Tangerina	284	1,742957746479
2018	Urucum 	1	2,000000000000
2018	Abacaxi	68612	1,771075030607
2018	Algodão_herbáceo	0	0,000000000000
2018	Amendoim	0	0,000000000000
2018	Arroz 	1224	1,223856209150
2018	Batata-doce	5839	2,121938688132
2018	Cana-de-açúcar	252734	0,262315319664
2018	Cebola	0	0,000000000000
2018	Feijão 	1324	2,273413897281
2018	Fumo 	0	0,000000000000
2018	Juta 	31	1,709677419355
2018	Malva 	2209	1,708465368945
2018	Mandioca	889002	0,950149718448
2018	Melancia	69967	1,258121685938
2018	Melão	14	4,000000000000
2018	Milho 	8114	0,828074932216
2018	Soja	0	0,000000000000
2018	Tomate	200	3,160000000000
2018	Açaí_extrativo	47410	1,986099978907
2018	Castanha-do-pará 	12161	3,013650193241
2018	Umbu	0	0,000000000000
2018	Outros_extrativa	1400	1,861428571429
2018	Outros_extrativo2	0	0,000000000000
2018	Hevea 	445	4,651685393258
2018	Carnaúba	0	0,000000000000
2018	Outras_extrativo	0	0,000000000000
2018	Buriti 	23	2,086956521739
2018	Piaçava 	1603	1,424828446663
2018	Outras_extrativo2	11	2,909090909091
2018	Maçaranduba 	0	0,000000000000
2018	Sorva 	1	2,000000000000
2018	Carvão_vegetal	987	1,878419452888
2018	Lenha 	628380	0,011728571883
2018	Madeira_em_tora	826207	0,184364208969
2018	Babaçu	0	0,000000000000
2018	 Copaíba 	136	23,088235294118
2018	Cumaru 	22	9,454545454545
2018	Tucum 	0	0,000000000000
2018	Outros_extrativa3	139	1,316546762590
2018	Carvão_vegetal	20	5,000000000000
2018	Lenha_silvicultura	0	0,000000000000
2018	Madeira_em_tora	0	0,000000000000
2018	Curimatã	29370	0,010554988083
2018	Matrinxã 	1838325	0,008981001727
2018	Piau	20930	0,012709030100
2018	Pirapitinga	37035	0,009720534629
2018	Pirarucu	161816	0,010042270233
2018	Tambaqui 	6075008	0,008300400592
2018	Tucunaré 	0	0,000000000000
2018	Alevinos	22423	0,116933505775
2018	Leite	45039	1,540265103577
2018	Ovos_de_galinha	62202	3,216713288962
2018	Ovos_de_codorna	341	1,900293255132
2018	Mel_de_abelha	32577	0,032231328852
2019	Abacate	182	2,258241758242
2019	Açaí	67757	1,776657762298
2019	Banana	82246	1,588466308392
2019	Borracha 	27	3,407407407407
2019	Cacau	663	4,402714932127
2019	Café	325	2,935384615385
2019	Café_Arábica	31	3,677419354839
2019	Café_Canephora	294	2,857142857143
2019	Caqui	0	0,000000000000
2019	Castanha_de_caju	0	0,000000000000
2019	Coco-da-baía	3211	1,278729367798
2019	Dendê	0	0,000000000000
2019	Goiaba	932	1,785407725322
2019	Guaraná	858	21,068764568765
2019	Laranja	40421	1,759135103041
2019	Limão	2874	2,050104384134
2019	Mamão	20330	2,446335464830
2019	Manga	0	0,000000000000
2019	Maracujá	14053	2,730449014445
2019	Palmito	0	0,000000000000
2019	Pimenta-do-reino	41	7,560975609756
2019	Tangerina	249	2,265060240964
2019	Urucum 	2	1,500000000000
2019	Abacaxi	72314	1,596274580303
2019	Algodão_herbáceo	0	0,000000000000
2019	Amendoim	0	0,000000000000
2019	Arroz 	1100	1,291818181818
2019	Batata-doce	4079	1,728119637166
2019	Cana-de-açúcar	284685	0,260990217258
2019	Cebola	0	0,000000000000
2019	Feijão 	1432	2,105446927374
2019	Fumo 	0	0,000000000000
2019	Juta 	5	1,800000000000
2019	Malva 	1914	1,920062695925
2019	Mandioca	876452	1,083035922104
2019	Melancia	53757	1,294845322470
2019	Melão	4	1,250000000000
2019	Milho 	6683	0,846476133473
2019	Soja	7500	1,200000000000
2019	Tomate	264	2,253787878788
2019	Açaí_extrativo	43855	1,722562991677
2019	Castanha-do-pará 	12182	2,946396322443
2019	Umbu	0	0,000000000000
2019	Outros_extrativa	1871	2,221806520577
2019	Outros_extrativo2	0	0,000000000000
2019	Hevea 	389	4,856041131105
2019	Carnaúba	0	0,000000000000
2019	Outras_extrativo	217	3,359447004608
2019	Buriti 	13	2,307692307692
2019	Piaçava 	1786	1,597984322508
2019	Outras_extrativo2	12	3,083333333333
2019	Maçaranduba 	0	0,000000000000
2019	Sorva 	1	3,000000000000
2019	Carvão_vegetal	940	1,975531914894
2019	Lenha 	597097	0,014166877409
2019	Madeira_em_tora	841135	0,185024995988
2019	Babaçu	0	0,000000000000
2019	 Copaíba 	133	23,812030075188
2019	Cumaru 	33	9,696969696970
2019	Tucum 	0	0,000000000000
2019	Outros_extrativa3	82	1,670731707317
2019	Carvão_vegetal	20	6,000000000000
2019	Lenha_silvicultura	0	0,000000000000
2019	Madeira_em_tora	0	0,000000000000
2019	Curimatã	32150	0,009300155521
2019	Matrinxã 	1764709	0,008820717750
2019	Piau	11100	0,012972972973
2019	Pirapitinga	25702	0,010816278889
2019	Pirarucu	168400	0,009631828979
2019	Tambaqui 	5979841	0,008395373723
2019	Tucunaré 	0	0,000000000000
2019	Alevinos	24425	0,118976458547
2019	Leite	43844	1,480270960679
2019	Ovos_de_galinha	63663	3,587138526303
2019	Ovos_de_codorna	537	2,052141527002
2019	Mel_de_abelha	32542	0,035154569479
2020	Abacate	391	2,107416879795
2020	Açaí	73538	1,704805678697
2020	Banana	92670	1,522132297399
2020	Borracha 	21	3,333333333333
2020	Cacau	685	4,808759124088
2020	Café	367	3,057220708447
2020	Café_Arábica	33	3,545454545455
2020	Café_Canephora	334	3,008982035928
2020	Caqui	0	0,000000000000
2020	Castanha_de_caju	0	0,000000000000
2020	Coco-da-baía	1489	1,251846877099
2020	Dendê	0	0,000000000000
2020	Goiaba	864	1,949074074074
2020	Guaraná	771	22,511024643320
2020	Laranja	16263	1,551927688618
2020	Limão	1461	1,897330595483
2020	Mamão	18643	1,645818805986
2020	Manga	0	0,000000000000
2020	Maracujá	9624	3,180590191189
2020	Palmito	0	0,000000000000
2020	Pimenta-do-reino	30	6,666666666667
2020	Tangerina	234	1,726495726496
2020	Urucum 	2	1,500000000000
2020	Abacaxi	66511	1,965479394386
2020	Algodão_herbáceo	0	0,000000000000
2020	Amendoim	0	0,000000000000
2020	Arroz 	1680	2,095833333333
2020	Batata-doce	6471	1,760933395148
2020	Cana-de-açúcar	305363	0,262245262196
2020	Cebola	0	0,000000000000
2020	Feijão 	1508	2,250663129973
2020	Fumo 	0	0,000000000000
2020	Juta 	1179	2,480067854114
2020	Malva 	3643	2,401317595388
2020	Mandioca	890124	1,011486040147
2020	Melancia	44611	1,278384255004
2020	Melão	0	0,000000000000
2020	Milho 	6824	0,941676436108
2020	Soja	8000	1,250000000000
2020	Tomate	300	2,053333333333
2020	Açaí_extrativo	43733	1,704730981181
2020	Castanha-do-pará 	11707	2,971299222687
2020	Umbu	0	0,000000000000
2020	Outros_extrativa	1730	2,293641618497
2020	Outros_extrativo2	0	0,000000000000
2020	Hevea 	393	5,094147582697
2020	Carnaúba	0	0,000000000000
2020	Outras_extrativo	202	3,549504950495
2020	Buriti 	13	2,384615384615
2020	Piaçava 	2433	2,503904644472
2020	Outras_extrativo2	7	3,142857142857
2020	Maçaranduba 	0	0,000000000000
2020	Sorva 	1	3,000000000000
2020	Carvão_vegetal	954	2,009433962264
2020	Lenha 	593366	0,013522850989
2020	Madeira_em_tora	844628	0,176136713441
2020	Babaçu	0	0,000000000000
2020	 Copaíba 	135	24,429629629630
2020	Cumaru 	28	9,428571428571
2020	Tucum 	0	0,000000000000
2020	Outros_extrativa3	73	2,041095890411
2020	Carvão_vegetal	0	0,000000000000
2020	Lenha_silvicultura	0	0,000000000000
2020	Madeira_em_tora	0	0,000000000000
2020	Curimatã	9870	0,013981762918
2020	Matrinxã 	1986150	0,010013845883
2020	Piau	11300	0,020000000000
2020	Pirapitinga	23318	0,012822712068
2020	Pirarucu	143950	0,010107676276
2020	Tambaqui 	6207435	0,009454307617
2020	Tucunaré 	0	0,000000000000
2020	Alevinos	32320	0,145049504950
2020	Leite	43533	1,591045873246
2020	Ovos_de_galinha	62823	3,780080543750
2020	Ovos_de_codorna	674	1,866468842730
2020	Mel_de_abelha	32898	0,035382090097
